Unsorted List:
09004962054445
21949446084008324312481710788456794395273460191733
3282575708695156629627226382878927385290716402067466548690939424586153485690787049103901255048210624851073518984034827419712889405826109484969297032112518451032248802630445426600849350646558828427477902952183480594308
533487903706837783798321557670401580178471
533306752913593910006106289398049388587323033008555555048766351983393713802918007867833642986474162267644524855686576233244129664890128184582255770843275292505713544510
706395202384554873112042792674881106747946464888150879154656961536716058
6705934262840028452234693853540083854091349725763937472353782165510323722969502431469945922780958564037202508924936595576215860180038730755630
793197873741718047099188513607095400507902998451354831181158356489742665592104308770603229117149318770942592127744013928385439834380787919509110533635299124494183852718735725
8134372229080923005581002931347704450990627210941849218446043349923503099094325975732136717330042284542754029421510740235354904973867417789041981972792742629754008938158443095303356908457040333547449192968301034136694058719723015
0354253049492989497824111441020033156897891658071797612912264330452721864513524819296351121947398095231152035791756341044277778856789380955246782021478843559790573370803489089612151976856177051583630516393268841174734764232
5070828735015813444134039296183903201423870561139927693130043481435131707249329043650750445915410750441356290170498517731616187300
85773685467480337765974882945374449118031347316202289985896284500302732213589522418490312615918358495
70747667973479032459816931374809359224255403955547983325613407326026464487334877545644590178567933006643823313034855668822580184411733192398823244779221708383784139326152455192894100126777655789344009131763756892602404664015006037030480376674209356779001
775312717294415885646136744573308087147455632417085770996611251431738175996509014250610459613248910634185510518896791592986143046406285266859267701576258159591629132923921422883123413666484500971207372
391446123097782593720487076798311032361953768462325884101782675266280795581491297617908114637805009677430492438270378258150790030964619777416721784909709257834264909323246663955
73362259217886028775157556961349381375675
67452499101225599921015099742340614286043221975779994563513875936823387547869790193714687336348456391409786393542909817907100409648375759294751030075372718130560901087203466414953501220258317813334729975311020340071117039349208183396340059985
0518329036293727204315327374836243128561342989372738572207174739783093617834225020755725759913391052835642621546246401541784334269
534973581088307294137927152378557909746937822951540122366070661079119873156338537852784902759368358703623241374134311946583829858557612712144244005227188
97819631538027629659379430273065471019839751585264680581096154205875509960748333265613178023867592278919065027036787386701226964415897655042085169373052572564547009546830580191188061430902364
49271653883099007371873599282528355597259252916556045811317220406696239477286227305643460278800
88325108820697468108154514920174334361553615848725000435782594532605878020393198561825637141317799220915621000601865678667737348012651417658622889546837014536583675933217666515666095103015799949147475707014472695
9795454211058091680743165437161493468265819056280902848466396805049617490477322443244754900616504789404919115
0300840639990386619023104229265123099
07973070963013413417359820288268572322830724188825766095090863812586777742090409096326921993096111332588414756628146762996353865762470378260552679275243384227425318768560745873972918218486933239612614211988773778
42084259289185522559452
9023058641199477030487931393215593940732297153784587227301535425334690320340555835908443598310292
1680544635593613385921837744791245730944179364874877488879983065717502821062
168788906849961033291306797754124682157563777254504758083630370052290526623420204686193268367005035432937550972849757739470857383600975944639342996719852400407555702132273370889232010470822384774241750590210259319834744
27403238236916514246653
5043837622769362653030873163163978916931725294612221879279321127358521450990945099215346699290335726473417136820613124540396416350330638120470835851419980513331947268140
694748813093737224370221804373960862165913153947404898910010
8689043262531917
2299340613465514449835489171626548394847830665726424001893691041022375681712858736881125876500528380654564827431944841651854415933293816502277689992165255373935193110919888324761143001975929970052007924110672525265537980477007649248377329941852856689827597
6187725470790791637838603957706048682298708548099132
311647784520758298914756102342443652119901610720560953820936800661790925718016695173761184978767856074316284073004698
9567547175445225472178466758758021785431125709130033749623262479490
758442056858344223935825403921224982570188573698963985385135483579651240752028192775309076222293426252614920097
553170
3482558875352476681577867773968093529935504359380378763552510990021884004379103458008165373929370924502565906067119754763318445762778203430791993874473151265380066802128661563212466972427511742501801143384586
053005831999247756940160171775449798255533083655952100677612244771973361384112487759185822367584163810553056154655168413546746098732390097124202704229698645164570388125943
00843760019371461303316828842498771775413620089940549478858839727824804
203439708915888356991964510447627024404722344593050817207540228387908278021140237331848885551716954072581121264765992025444222183054795823235839013728584644
576347829600
470436916926325226797969410834049169862176889292373495213055430663361550170238561406659374807713878834112748
2400820193090517047768863706397333027799776760094423674877556811247602900574826431261008646404559274985117837335400241573123988578169705036142434470467615040361721417374774582377877324486420519692745043010181642973777199046299201220044013152744748158
7199772971673373916380721781991446433175680157022231839391915507088791742002803650559208761293754
28590993284201495031237481953885487924117665323074084988757764883283524279770492107420048876723015485257515006728973823152587509393774125391078290346765214548090481918003145085251473490681939090861967161250432287955485824
3838006060925764851833776225
77298391055335103236858429968488197612354904400239496589613865879619687089035771264123001149789735769193257207845570257805324501582365222436254678531110791950388439007012148351065284721717888046693769
4030350113310832030373025707800521289117772275078981482996876814011510663439300328525645904155574103358862043112319896146860778010753242979346719476055923706789945529747475358161838179284620274155823784605415601754914919869614578879963
055312185982332292819250901061071430097087616414
20676650039878718032193196535
97456342865289020779471974212406049048786345082876177902261406049200395151290552960823124422646606713253647071793862920646453691082247908167889163
35551194017880849095867220931277289825141336765571989605499333324618241112804342673157896888006046621358910631732925940468870239928409882789766053516295332679319947459172076177521881324410023411510611656023959357753222
6314287407286062832252735790036440541165632852131852026783031641118707894256671479325864379458580170714035232445379773503509709547110625013315410661301170666025451050520804492473277847350120359692107575678192551434977984560
109425937271245629659771659821053886858837767887666289636849331915881393458782229974038230889134009098865872307028450951466871780657678277438928
386
2531090223725126137683712040111
19416896758397544286073391764530651002569005181091189335891767433277377025
5088353794
9886272162324419739141283818729121164937645420848212889875072279734494883295032745962544180007689491798197880158326635575815518943669
117328427289029479540648948725938936881373794107979252066992227395645465345433083104247997289145074254899881447695590813795413445899170389704346329837249278428709046918053104165391555034074942858922438844829446729982083299427404253582277074267498935
1394189791680087469581826066354271117357437411801694067696390401400316564499517018910704550711840674653285705227745227239
774987495152712072085307036972369095186503008338464520113397036177632062536511204022511066478347516517766762576991232286275922989984652467458993629330018702513415942699907143223352380300237764369575658667237287436452661095446335540929809365413157
93690437861168734204339032844654711889473826916949256514306974587856859
283883742953059553076206934204222846566244677252337941143611177371437511860163155758235368943448859696938728266327570063036147384166063923655279108389493622923159
002352914693739562928257141623999841962649344055405238602407284109641539636813101161990765925421726425664074221679577899819500349573041269404694710035537329993627217889400595942539764479508043304712901127500992130418944408666132047701556
410122
141591674939075516358806915231417728857184286019042718
8466704735855433251897772334468457825917416619538738784176321034135272633217840276547044167284746724697990515563544212232544290048680739905391524985928660716147424066208974429355501561116
8098508917538973651116866701077271108733261931214407374736868336255437711131552841841307942392803989988793237554872428133080168944618201192
348246689236501958334322202088693512939995590656135660329556856204585105361520821953687433767405478889557582362186046473595486915054783102567288195335637486544995222297107369177558468033446075407805881163281956713
04158401522879860094922552016743334899697577091672230747269953207053337534918613752685298249493201516930428729614035737468329738112333642023285717746879570232121057721504686384133383070794081022786708939289897991292127066076405677366327
06422439133370744677345603419683698177010290051294528966977909029335322844620194389738977769146976585670842780696413097377314670484580
24424780329752099081220927874542621470030353652175354090716196052658838382229
6628656485011372913985683329075980724442540421294067737390839201393867618337201996242003729872983293688082323334587171241581109931250355906169848075102950143492807379755497851364811733620473942770729408920909
300579866892760668115022321033571703178088854668828703168917432212544745512977816767646211503332858229754374441826736748056177162178202215056572019584144804304803752448270844343426490752777267514382171309335888537378567859580605813139826898860159694863
238118583375199066072517094878024908196852739136407228289788625168733688215587379
68299104303087177233613269597516888811221806140057345158895737335376888035281875689988560380264484625084914974615369659971111584604073062791778623755796165394058235418044164873528768595479381437340325654260111048020109310687
399107682908850429815033666021362140413930456072739737829672217913342442716575816869680757557332515839965545003201600178910660823902588800585412450046695228110989239384538024585794669355259678530817014634897389954254218659225994
010163514158180644688473254363102147546515435954393638339549125312947377550383765259318402383770353705431378371868684516613744791632638355842054947733473819016977239054003806233901082372613
9471136042080001079089543537080405904543062378885793972704672964181876314173770240126616137013472106703041218803002386961474740411803967311453169735917982556408028976239009922698781144109773395085836128800
317296507913661518914681504086683512348393519888226804147698824074651135008383415818740616929500808481451662
8705505630851747805592189756116241846746100857947417051576147399576782119686983922944561513273646586141868720504758850694099259912
2271715843144607802971773228323618963089445412976153153069613904439191890206244226202174038160613956923819069829437115189831389906209648249371288111637551948965387540629769459843557138269704893352
818048054932819331609127481986652196987584316448163597814896637399163176364112206924533662054008094492947506360149511847022355362817937699661912340159542939945128960052
70445155490817310089784491834390286578134900941863481041030244787445888152458807733722017366273976432096884297989687046538739041913271886995645106038544009669505666085273205839189265773878002864162971919827754730748569257531133873369990
4915880529400966707279537465762096016682990580961865533330689611792116090661559761638230976532639469008244330507
826903040067962285530019543852890524896956576709623513230791151358454870390634914210945616502858848435595977911114587190689613978350
39602301273924648622209881956796898437874294176640924186014685293586937706083406444040189039347773733185414412135473844650009
0054201003676060713716858870950025632215784937090834658921990
97763796
8787375242117992992774153676912380308002885905962583399700589593389108975011576923200465365194407874397072495
473630566636847286857048539028787834924628815281959267516781182732997744654701204843594266237616712119382049577963057
9265576382971859799090406053216958077300022189696684365017426666740535373755330320
3144993249952197055337807600793408485047554347201723509
5449114315681247333975422537410513836978210339493372098190062100112351354425817092052183064691684
86394277990160449
5940789674907590660424440099735334560717817449324389077277658111062813305961569145741233410719397371316830978157061629502090924553391407335200323509199574460743374697420075329209
5198230972691786228992214268169575568935360972239364877951956324922139418994960509894341250248739170261496315983732427050236048627121024680651002764875264886968561060143244
6689278567046504018646597094645406073417179596059628696550577599531602986355302362849947774354259576638725275705195445319627800309892222522044824788039
29432484838
77759908862220954367798928742027712942465956647608293445275587091690012173710315080670566386246898091
656615353822618538935321849404428468613091164380389307040622145349923389808622254935565291124959719231425376244469410611081240487861625844532006104992668419899095519697196143945114091713
2013579668614975345585655802163066498294154115737431873713920055535703526857817871160540787456635903322075791932876887126455922444641741353599050066450222011399358613946004329870
5413208665375611342506317414451284373348155452753988711608676509345756970714207240342104668061127051196513615051909128599983
57569668698950391244093643162662306668051665247241494453017314
755034560490495985020930973418821013151977331093392436617420171470342526633561474739925835169243244654909192237892441321667601411577268578705289046264593750357226561115185574935616463967067436
316007
5247630909595025154127598142223852276002969111646720811983002857182417520573418363848671227890399507312149056188465749
34489689121119976073290069839693184415759098850482909952982407519415288
4747570434700501985130399694204406566267396570068456581720146175765324395986706888892508741051358137609382441865160944537953801
711758872358235483621913846801439720616370365333575956438025056772206266879344435384756296942331167455926525345874972086328201771678022658771543453979419
006
9481370374168890040753228845002163921857037945557335712727628455082234070308329070447211343513585071
877412928393986371952734756514333049709464605289048690870246636580554410338389835778407790449727592676744867265408413596219985612516821343502783991928793975292381878
103864425623764056102026350351553522574335940409586848254785005041821806039290277105256418142300287576
9212194320577403698958775998755856887512020823000731068523305250223461950311137203299167807865848941225273849016233600549726648943193657721707055200209960496148010494960714380153994070256107080235609629067322
064299977138186157598489502412985081
6950530544191565465034939823368021164694600406364562674637682163364915339856402140416489147951753808114108124454905931680991204975046791643781512379341125928
6888948541369664231340547703456407402656562627044191024107867773331092
13833308936661731784067027724049163651445861978043903169326221825876099908673528728184482176250681528231560196551282117974257022287062446068981718883123521059842339175647974720121028734204596395050031054182980418380576516055942782557752036255315090999316
724283605121071639487114999600538146506060990413984247776826702708558628817554986286291722945629051665848366572337186838052
07311101792280860196525064004809690924204499082485368481557137607218633328026850900688853453285090956133890198617937248177819436742836727922571065178223850447072378138491518198457732390103424371226632957239708014435255691
21332549362404479505922966800450324208397824663668681712347372251997664858703331895532076592748374846627951666564946498361289038050603
919873914251
85538525305452762
4684374850004759511565033046493249369189440864258305792521
962897284889837213543463111681489150865729177521394747349873884061725991588034074756207456506971664465691660465521251772397966946231402030199886158940706488090892910282219414156173630948876671918678175802311031936903264166498211841354392078773219295174074
5151
860588920966822753735420606166234404196619670265194699097024109351020029529673642429850306869302170290120266151224208099507605875992946240019732249566901796969403133682060638526296277602176105656211
35076623176606890437646887680098107833533326409616086243105059418389984388220935199815436466293920675591385399321219930572028999221637780048438130049281522371794850965548875355811127379533406137961885481370205460918262667224212798484266774
5355477797110211989227548460658005150589774264600424
07803702700605180240180407
312808810031914783317100193544660732193776381800558935346219217094318765848863261220296133432447249002543
4678078551201692204717947725586323433606748050812
136624807518802689562230980133033126736013785390028958340411071966379511414851063921077685573881160699202907732323060701383597453081279401637473245300349481305940406285817134148548767669182265897038626560632684728494479
865181322321319778087164997020693251093310833624289826985600140972544067234803937480504764948819795066430097068335650260705034387136022417586806491459646695761346919230432146628695473306172477385500031019655246
34841480234749651333539113370283175766747351993249729829363826993
24109680090891633252521003058559786528901263784147039247738663143440837672767241420844350394801061147736655932387877667527420045203468
585957710666333416751440760387797826925359573170320738004877121112881871131282394762360694458432107311091525353199341295966416191931645554287551288057423737664151238169017242925000358908210
0447277047127706051353861854048592
411403820605382303438328585591381658053018253963819342501298981097354603862545957590157320119696195277471097768956017453650596985280530920878539558529650242155921025349304651426979282161410614476348998805050
1993147590819762719391912526560
046799582095684921276864680546619700732052452866806667735242879718346716475334089337669861728363787346715417181250
743814583485186363377284990683967009836245405576851394965760235117988258106379472340445925206054519495596387239624613027688028178819434953894343172412290765062742359614
27174924221665643761599931240950791188143810247377640886307483671626558446779804704944153503549809762547781246155769292128035081427768564116077
6700204128871236765536966182737423203827141585164681121261537484235179040073036734745125851650833498384212093689199976211185353859376166535188223884830238076807244461645238215440430887695695090
1937940798208102068283617080142756632143033711072395994946649493149823386991372868990793175126472206229049661659146001348681814780793945032042913425102801432487219326505183233536174667353876411637238100367234945280815955772369391447462544154694312641772
057857199
45796657908413186980091948112770245714522855955527980414922112467276430199253385284411800266108491399225587875904346471879329016248370440693673130380640405179651767013936049029841413653699097073511589903790011066389625628399494758
813987037401323621308781848575269564296382200171535891123322472403532099033051450667524931993290976812804668275435887218375811703593340447115291163921155857105686273440374454865078389688897224718059391195662182865019524237368280237694061246935436754250
6470572
639134111103063650127949259379909944306663313783150451259460696933846232096046524595378592667486980430313873874315341127366971625587743399053934735192544939132823304683186968395465800076383286966866239256572513460376595891079623765328743322096922041439
5635169547704846854686636104396359062214718524
0001534898122566624894269161936139
417069674407212375392350725200264675965730495013064609052849365998288415638351035496402602526973098767965442457472372736265753446187071953745716044302629048992592232817092643772761570336499237958922426744838635859829549522
2427970056580727929350000187974527829263383149066366652599538843960703447996406940985791638288675619716850800747629491485926969
60020888450067396704644988802102574414666187799379305061341759493137474826475659592878686361882786943770283107594434502450064842106776868745952854592634525772680447984453513261223
Operations during Unsorted List Generation: 3856738

Bubble Sort Results:
Number of Operations: 7497730
Sorted List (Bubble Sort):
006
386
5151
316007
410122
553170
6470572
97763796
057857199
5088353794
29432484838
576347829600
919873914251
09004962054445
8689043262531917
85538525305452762
86394277990160449
27403238236916514246653
42084259289185522559452
07803702700605180240180407
3838006060925764851833776225
20676650039878718032193196535
1993147590819762719391912526560
2531090223725126137683712040111
0001534898122566624894269161936139
0447277047127706051353861854048592
064299977138186157598489502412985081
0300840639990386619023104229265123099
73362259217886028775157556961349381375675
533487903706837783798321557670401580178471
5635169547704846854686636104396359062214718524
055312185982332292819250901061071430097087616414
4678078551201692204717947725586323433606748050812
21949446084008324312481710788456794395273460191733
5355477797110211989227548460658005150589774264600424
6187725470790791637838603957706048682298708548099132
141591674939075516358806915231417728857184286019042718
3144993249952197055337807600793408485047554347201723509
4684374850004759511565033046493249369189440864258305792521
694748813093737224370221804373960862165913153947404898910010
0054201003676060713716858870950025632215784937090834658921990
57569668698950391244093643162662306668051665247241494453017314
34841480234749651333539113370283175766747351993249729829363826993
9567547175445225472178466758758021785431125709130033749623262479490
6888948541369664231340547703456407402656562627044191024107867773331092
00843760019371461303316828842498771775413620089940549478858839727824804
34489689121119976073290069839693184415759098850482909952982407519415288
93690437861168734204339032844654711889473826916949256514306974587856859
706395202384554873112042792674881106747946464888150879154656961536716058
19416896758397544286073391764530651002569005181091189335891767433277377025
1680544635593613385921837744791245730944179364874877488879983065717502821062
24424780329752099081220927874542621470030353652175354090716196052658838382229
238118583375199066072517094878024908196852739136407228289788625168733688215587379
9265576382971859799090406053216958077300022189696684365017426666740535373755330320
49271653883099007371873599282528355597259252916556045811317220406696239477286227305643460278800
5449114315681247333975422537410513836978210339493372098190062100112351354425817092052183064691684
7199772971673373916380721781991446433175680157022231839391915507088791742002803650559208761293754
9023058641199477030487931393215593940732297153784587227301535425334690320340555835908443598310292
9481370374168890040753228845002163921857037945557335712727628455082234070308329070447211343513585071
77759908862220954367798928742027712942465956647608293445275587091690012173710315080670566386246898091
85773685467480337765974882945374449118031347316202289985896284500302732213589522418490312615918358495
103864425623764056102026350351553522574335940409586848254785005041821806039290277105256418142300287576
312808810031914783317100193544660732193776381800558935346219217094318765848863261220296133432447249002543
317296507913661518914681504086683512348393519888226804147698824074651135008383415818740616929500808481451662
470436916926325226797969410834049169862176889292373495213055430663361550170238561406659374807713878834112748
8787375242117992992774153676912380308002885905962583399700589593389108975011576923200465365194407874397072495
9795454211058091680743165437161493468265819056280902848466396805049617490477322443244754900616504789404919115
758442056858344223935825403921224982570188573698963985385135483579651240752028192775309076222293426252614920097
4915880529400966707279537465762096016682990580961865533330689611792116090661559761638230976532639469008244330507
046799582095684921276864680546619700732052452866806667735242879718346716475334089337669861728363787346715417181250
311647784520758298914756102342443652119901610720560953820936800661790925718016695173761184978767856074316284073004698
473630566636847286857048539028787834924628815281959267516781182732997744654701204843594266237616712119382049577963057
5247630909595025154127598142223852276002969111646720811983002857182417520573418363848671227890399507312149056188465749
1394189791680087469581826066354271117357437411801694067696390401400316564499517018910704550711840674653285705227745227239
724283605121071639487114999600538146506060990413984247776826702708558628817554986286291722945629051665848366572337186838052
5413208665375611342506317414451284373348155452753988711608676509345756970714207240342104668061127051196513615051909128599983
39602301273924648622209881956796898437874294176640924186014685293586937706083406444040189039347773733185414412135473844650009
2427970056580727929350000187974527829263383149066366652599538843960703447996406940985791638288675619716850800747629491485926969
4747570434700501985130399694204406566267396570068456581720146175765324395986706888892508741051358137609382441865160944537953801
0518329036293727204315327374836243128561342989372738572207174739783093617834225020755725759913391052835642621546246401541784334269
5070828735015813444134039296183903201423870561139927693130043481435131707249329043650750445915410750441356290170498517731616187300
8705505630851747805592189756116241846746100857947417051576147399576782119686983922944561513273646586141868720504758850694099259912
826903040067962285530019543852890524896956576709623513230791151358454870390634914210945616502858848435595977911114587190689613978350
9886272162324419739141283818729121164937645420848212889875072279734494883295032745962544180007689491798197880158326635575815518943669
06422439133370744677345603419683698177010290051294528966977909029335322844620194389738977769146976585670842780696413097377314670484580
21332549362404479505922966800450324208397824663668681712347372251997664858703331895532076592748374846627951666564946498361289038050603
24109680090891633252521003058559786528901263784147039247738663143440837672767241420844350394801061147736655932387877667527420045203468
8098508917538973651116866701077271108733261931214407374736868336255437711131552841841307942392803989988793237554872428133080168944618201192
6705934262840028452234693853540083854091349725763937472353782165510323722969502431469945922780958564037202508924936595576215860180038730755630
27174924221665643761599931240950791188143810247377640886307483671626558446779804704944153503549809762547781246155769292128035081427768564116077
109425937271245629659771659821053886858837767887666289636849331915881393458782229974038230889134009098865872307028450951466871780657678277438928
97456342865289020779471974212406049048786345082876177902261406049200395151290552960823124422646606713253647071793862920646453691082247908167889163
6689278567046504018646597094645406073417179596059628696550577599531602986355302362849947774354259576638725275705195445319627800309892222522044824788039
534973581088307294137927152378557909746937822951540122366070661079119873156338537852784902759368358703623241374134311946583829858557612712144244005227188
711758872358235483621913846801439720616370365333575956438025056772206266879344435384756296942331167455926525345874972086328201771678022658771543453979419
203439708915888356991964510447627024404722344593050817207540228387908278021140237331848885551716954072581121264765992025444222183054795823235839013728584644
6950530544191565465034939823368021164694600406364562674637682163364915339856402140416489147951753808114108124454905931680991204975046791643781512379341125928
283883742953059553076206934204222846566244677252337941143611177371437511860163155758235368943448859696938728266327570063036147384166063923655279108389493622923159
877412928393986371952734756514333049709464605289048690870246636580554410338389835778407790449727592676744867265408413596219985612516821343502783991928793975292381878
533306752913593910006106289398049388587323033008555555048766351983393713802918007867833642986474162267644524855686576233244129664890128184582255770843275292505713544510
743814583485186363377284990683967009836245405576851394965760235117988258106379472340445925206054519495596387239624613027688028178819434953894343172412290765062742359614
818048054932819331609127481986652196987584316448163597814896637399163176364112206924533662054008094492947506360149511847022355362817937699661912340159542939945128960052
5043837622769362653030873163163978916931725294612221879279321127358521450990945099215346699290335726473417136820613124540396416350330638120470835851419980513331947268140
053005831999247756940160171775449798255533083655952100677612244771973361384112487759185822367584163810553056154655168413546746098732390097124202704229698645164570388125943
5198230972691786228992214268169575568935360972239364877951956324922139418994960509894341250248739170261496315983732427050236048627121024680651002764875264886968561060143244
793197873741718047099188513607095400507902998451354831181158356489742665592104308770603229117149318770942592127744013928385439834380787919509110533635299124494183852718735725
391446123097782593720487076798311032361953768462325884101782675266280795581491297617908114637805009677430492438270378258150790030964619777416721784909709257834264909323246663955
2013579668614975345585655802163066498294154115737431873713920055535703526857817871160540787456635903322075791932876887126455922444641741353599050066450222011399358613946004329870
5940789674907590660424440099735334560717817449324389077277658111062813305961569145741233410719397371316830978157061629502090924553391407335200323509199574460743374697420075329209
60020888450067396704644988802102574414666187799379305061341759493137474826475659592878686361882786943770283107594434502450064842106776868745952854592634525772680447984453513261223
656615353822618538935321849404428468613091164380389307040622145349923389808622254935565291124959719231425376244469410611081240487861625844532006104992668419899095519697196143945114091713
8466704735855433251897772334468457825917416619538738784176321034135272633217840276547044167284746724697990515563544212232544290048680739905391524985928660716147424066208974429355501561116
010163514158180644688473254363102147546515435954393638339549125312947377550383765259318402383770353705431378371868684516613744791632638355842054947733473819016977239054003806233901082372613
585957710666333416751440760387797826925359573170320738004877121112881871131282394762360694458432107311091525353199341295966416191931645554287551288057423737664151238169017242925000358908210
97819631538027629659379430273065471019839751585264680581096154205875509960748333265613178023867592278919065027036787386701226964415897655042085169373052572564547009546830580191188061430902364
755034560490495985020930973418821013151977331093392436617420171470342526633561474739925835169243244654909192237892441321667601411577268578705289046264593750357226561115185574935616463967067436
6700204128871236765536966182737423203827141585164681121261537484235179040073036734745125851650833498384212093689199976211185353859376166535188223884830238076807244461645238215440430887695695090
2271715843144607802971773228323618963089445412976153153069613904439191890206244226202174038160613956923819069829437115189831389906209648249371288111637551948965387540629769459843557138269704893352
860588920966822753735420606166234404196619670265194699097024109351020029529673642429850306869302170290120266151224208099507605875992946240019732249566901796969403133682060638526296277602176105656211
77298391055335103236858429968488197612354904400239496589613865879619687089035771264123001149789735769193257207845570257805324501582365222436254678531110791950388439007012148351065284721717888046693769
775312717294415885646136744573308087147455632417085770996611251431738175996509014250610459613248910634185510518896791592986143046406285266859267701576258159591629132923921422883123413666484500971207372
9471136042080001079089543537080405904543062378885793972704672964181876314173770240126616137013472106703041218803002386961474740411803967311453169735917982556408028976239009922698781144109773395085836128800
411403820605382303438328585591381658053018253963819342501298981097354603862545957590157320119696195277471097768956017453650596985280530920878539558529650242155921025349304651426979282161410614476348998805050
3482558875352476681577867773968093529935504359380378763552510990021884004379103458008165373929370924502565906067119754763318445762778203430791993874473151265380066802128661563212466972427511742501801143384586
6628656485011372913985683329075980724442540421294067737390839201393867618337201996242003729872983293688082323334587171241581109931250355906169848075102950143492807379755497851364811733620473942770729408920909
9212194320577403698958775998755856887512020823000731068523305250223461950311137203299167807865848941225273849016233600549726648943193657721707055200209960496148010494960714380153994070256107080235609629067322
865181322321319778087164997020693251093310833624289826985600140972544067234803937480504764948819795066430097068335650260705034387136022417586806491459646695761346919230432146628695473306172477385500031019655246
07973070963013413417359820288268572322830724188825766095090863812586777742090409096326921993096111332588414756628146762996353865762470378260552679275243384227425318768560745873972918218486933239612614211988773778
88325108820697468108154514920174334361553615848725000435782594532605878020393198561825637141317799220915621000601865678667737348012651417658622889546837014536583675933217666515666095103015799949147475707014472695
348246689236501958334322202088693512939995590656135660329556856204585105361520821953687433767405478889557582362186046473595486915054783102567288195335637486544995222297107369177558468033446075407805881163281956713
3282575708695156629627226382878927385290716402067466548690939424586153485690787049103901255048210624851073518984034827419712889405826109484969297032112518451032248802630445426600849350646558828427477902952183480594308
35551194017880849095867220931277289825141336765571989605499333324618241112804342673157896888006046621358910631732925940468870239928409882789766053516295332679319947459172076177521881324410023411510611656023959357753222
136624807518802689562230980133033126736013785390028958340411071966379511414851063921077685573881160699202907732323060701383597453081279401637473245300349481305940406285817134148548767669182265897038626560632684728494479
168788906849961033291306797754124682157563777254504758083630370052290526623420204686193268367005035432937550972849757739470857383600975944639342996719852400407555702132273370889232010470822384774241750590210259319834744
07311101792280860196525064004809690924204499082485368481557137607218633328026850900688853453285090956133890198617937248177819436742836727922571065178223850447072378138491518198457732390103424371226632957239708014435255691
28590993284201495031237481953885487924117665323074084988757764883283524279770492107420048876723015485257515006728973823152587509393774125391078290346765214548090481918003145085251473490681939090861967161250432287955485824
417069674407212375392350725200264675965730495013064609052849365998288415638351035496402602526973098767965442457472372736265753446187071953745716044302629048992592232817092643772761570336499237958922426744838635859829549522
0354253049492989497824111441020033156897891658071797612912264330452721864513524819296351121947398095231152035791756341044277778856789380955246782021478843559790573370803489089612151976856177051583630516393268841174734764232
6314287407286062832252735790036440541165632852131852026783031641118707894256671479325864379458580170714035232445379773503509709547110625013315410661301170666025451050520804492473277847350120359692107575678192551434977984560
68299104303087177233613269597516888811221806140057345158895737335376888035281875689988560380264484625084914974615369659971111584604073062791778623755796165394058235418044164873528768595479381437340325654260111048020109310687
399107682908850429815033666021362140413930456072739737829672217913342442716575816869680757557332515839965545003201600178910660823902588800585412450046695228110989239384538024585794669355259678530817014634897389954254218659225994
8134372229080923005581002931347704450990627210941849218446043349923503099094325975732136717330042284542754029421510740235354904973867417789041981972792742629754008938158443095303356908457040333547449192968301034136694058719723015
45796657908413186980091948112770245714522855955527980414922112467276430199253385284411800266108491399225587875904346471879329016248370440693673130380640405179651767013936049029841413653699097073511589903790011066389625628399494758
4030350113310832030373025707800521289117772275078981482996876814011510663439300328525645904155574103358862043112319896146860778010753242979346719476055923706789945529747475358161838179284620274155823784605415601754914919869614578879963
04158401522879860094922552016743334899697577091672230747269953207053337534918613752685298249493201516930428729614035737468329738112333642023285717746879570232121057721504686384133383070794081022786708939289897991292127066076405677366327
70445155490817310089784491834390286578134900941863481041030244787445888152458807733722017366273976432096884297989687046538739041913271886995645106038544009669505666085273205839189265773878002864162971919827754730748569257531133873369990
002352914693739562928257141623999841962649344055405238602407284109641539636813101161990765925421726425664074221679577899819500349573041269404694710035537329993627217889400595942539764479508043304712901127500992130418944408666132047701556
35076623176606890437646887680098107833533326409616086243105059418389984388220935199815436466293920675591385399321219930572028999221637780048438130049281522371794850965548875355811127379533406137961885481370205460918262667224212798484266774
67452499101225599921015099742340614286043221975779994563513875936823387547869790193714687336348456391409786393542909817907100409648375759294751030075372718130560901087203466414953501220258317813334729975311020340071117039349208183396340059985
774987495152712072085307036972369095186503008338464520113397036177632062536511204022511066478347516517766762576991232286275922989984652467458993629330018702513415942699907143223352380300237764369575658667237287436452661095446335540929809365413157
117328427289029479540648948725938936881373794107979252066992227395645465345433083104247997289145074254899881447695590813795413445899170389704346329837249278428709046918053104165391555034074942858922438844829446729982083299427404253582277074267498935
2400820193090517047768863706397333027799776760094423674877556811247602900574826431261008646404559274985117837335400241573123988578169705036142434470467615040361721417374774582377877324486420519692745043010181642973777199046299201220044013152744748158
300579866892760668115022321033571703178088854668828703168917432212544745512977816767646211503332858229754374441826736748056177162178202215056572019584144804304803752448270844343426490752777267514382171309335888537378567859580605813139826898860159694863
639134111103063650127949259379909944306663313783150451259460696933846232096046524595378592667486980430313873874315341127366971625587743399053934735192544939132823304683186968395465800076383286966866239256572513460376595891079623765328743322096922041439
813987037401323621308781848575269564296382200171535891123322472403532099033051450667524931993290976812804668275435887218375811703593340447115291163921155857105686273440374454865078389688897224718059391195662182865019524237368280237694061246935436754250
1937940798208102068283617080142756632143033711072395994946649493149823386991372868990793175126472206229049661659146001348681814780793945032042913425102801432487219326505183233536174667353876411637238100367234945280815955772369391447462544154694312641772
13833308936661731784067027724049163651445861978043903169326221825876099908673528728184482176250681528231560196551282117974257022287062446068981718883123521059842339175647974720121028734204596395050031054182980418380576516055942782557752036255315090999316
70747667973479032459816931374809359224255403955547983325613407326026464487334877545644590178567933006643823313034855668822580184411733192398823244779221708383784139326152455192894100126777655789344009131763756892602404664015006037030480376674209356779001
962897284889837213543463111681489150865729177521394747349873884061725991588034074756207456506971664465691660465521251772397966946231402030199886158940706488090892910282219414156173630948876671918678175802311031936903264166498211841354392078773219295174074
2299340613465514449835489171626548394847830665726424001893691041022375681712858736881125876500528380654564827431944841651854415933293816502277689992165255373935193110919888324761143001975929970052007924110672525265537980477007649248377329941852856689827597
Operations during Bubble Sort: 7497730

Recursive Bubble Sort Results:
Number of Operations: 3888612
Sorted List (Recursive Bubble Sort):
006
386
5151
316007
410122
553170
6470572
97763796
057857199
5088353794
29432484838
576347829600
919873914251
09004962054445
8689043262531917
85538525305452762
86394277990160449
27403238236916514246653
42084259289185522559452
07803702700605180240180407
3838006060925764851833776225
20676650039878718032193196535
1993147590819762719391912526560
2531090223725126137683712040111
0001534898122566624894269161936139
0447277047127706051353861854048592
064299977138186157598489502412985081
0300840639990386619023104229265123099
73362259217886028775157556961349381375675
533487903706837783798321557670401580178471
5635169547704846854686636104396359062214718524
055312185982332292819250901061071430097087616414
4678078551201692204717947725586323433606748050812
21949446084008324312481710788456794395273460191733
5355477797110211989227548460658005150589774264600424
6187725470790791637838603957706048682298708548099132
141591674939075516358806915231417728857184286019042718
3144993249952197055337807600793408485047554347201723509
4684374850004759511565033046493249369189440864258305792521
694748813093737224370221804373960862165913153947404898910010
0054201003676060713716858870950025632215784937090834658921990
57569668698950391244093643162662306668051665247241494453017314
34841480234749651333539113370283175766747351993249729829363826993
9567547175445225472178466758758021785431125709130033749623262479490
6888948541369664231340547703456407402656562627044191024107867773331092
00843760019371461303316828842498771775413620089940549478858839727824804
34489689121119976073290069839693184415759098850482909952982407519415288
93690437861168734204339032844654711889473826916949256514306974587856859
706395202384554873112042792674881106747946464888150879154656961536716058
19416896758397544286073391764530651002569005181091189335891767433277377025
1680544635593613385921837744791245730944179364874877488879983065717502821062
24424780329752099081220927874542621470030353652175354090716196052658838382229
238118583375199066072517094878024908196852739136407228289788625168733688215587379
9265576382971859799090406053216958077300022189696684365017426666740535373755330320
49271653883099007371873599282528355597259252916556045811317220406696239477286227305643460278800
5449114315681247333975422537410513836978210339493372098190062100112351354425817092052183064691684
7199772971673373916380721781991446433175680157022231839391915507088791742002803650559208761293754
9023058641199477030487931393215593940732297153784587227301535425334690320340555835908443598310292
9481370374168890040753228845002163921857037945557335712727628455082234070308329070447211343513585071
77759908862220954367798928742027712942465956647608293445275587091690012173710315080670566386246898091
85773685467480337765974882945374449118031347316202289985896284500302732213589522418490312615918358495
103864425623764056102026350351553522574335940409586848254785005041821806039290277105256418142300287576
312808810031914783317100193544660732193776381800558935346219217094318765848863261220296133432447249002543
317296507913661518914681504086683512348393519888226804147698824074651135008383415818740616929500808481451662
470436916926325226797969410834049169862176889292373495213055430663361550170238561406659374807713878834112748
8787375242117992992774153676912380308002885905962583399700589593389108975011576923200465365194407874397072495
9795454211058091680743165437161493468265819056280902848466396805049617490477322443244754900616504789404919115
758442056858344223935825403921224982570188573698963985385135483579651240752028192775309076222293426252614920097
4915880529400966707279537465762096016682990580961865533330689611792116090661559761638230976532639469008244330507
046799582095684921276864680546619700732052452866806667735242879718346716475334089337669861728363787346715417181250
311647784520758298914756102342443652119901610720560953820936800661790925718016695173761184978767856074316284073004698
473630566636847286857048539028787834924628815281959267516781182732997744654701204843594266237616712119382049577963057
5247630909595025154127598142223852276002969111646720811983002857182417520573418363848671227890399507312149056188465749
1394189791680087469581826066354271117357437411801694067696390401400316564499517018910704550711840674653285705227745227239
724283605121071639487114999600538146506060990413984247776826702708558628817554986286291722945629051665848366572337186838052
5413208665375611342506317414451284373348155452753988711608676509345756970714207240342104668061127051196513615051909128599983
39602301273924648622209881956796898437874294176640924186014685293586937706083406444040189039347773733185414412135473844650009
2427970056580727929350000187974527829263383149066366652599538843960703447996406940985791638288675619716850800747629491485926969
4747570434700501985130399694204406566267396570068456581720146175765324395986706888892508741051358137609382441865160944537953801
0518329036293727204315327374836243128561342989372738572207174739783093617834225020755725759913391052835642621546246401541784334269
5070828735015813444134039296183903201423870561139927693130043481435131707249329043650750445915410750441356290170498517731616187300
8705505630851747805592189756116241846746100857947417051576147399576782119686983922944561513273646586141868720504758850694099259912
826903040067962285530019543852890524896956576709623513230791151358454870390634914210945616502858848435595977911114587190689613978350
9886272162324419739141283818729121164937645420848212889875072279734494883295032745962544180007689491798197880158326635575815518943669
06422439133370744677345603419683698177010290051294528966977909029335322844620194389738977769146976585670842780696413097377314670484580
21332549362404479505922966800450324208397824663668681712347372251997664858703331895532076592748374846627951666564946498361289038050603
24109680090891633252521003058559786528901263784147039247738663143440837672767241420844350394801061147736655932387877667527420045203468
8098508917538973651116866701077271108733261931214407374736868336255437711131552841841307942392803989988793237554872428133080168944618201192
6705934262840028452234693853540083854091349725763937472353782165510323722969502431469945922780958564037202508924936595576215860180038730755630
27174924221665643761599931240950791188143810247377640886307483671626558446779804704944153503549809762547781246155769292128035081427768564116077
109425937271245629659771659821053886858837767887666289636849331915881393458782229974038230889134009098865872307028450951466871780657678277438928
97456342865289020779471974212406049048786345082876177902261406049200395151290552960823124422646606713253647071793862920646453691082247908167889163
6689278567046504018646597094645406073417179596059628696550577599531602986355302362849947774354259576638725275705195445319627800309892222522044824788039
534973581088307294137927152378557909746937822951540122366070661079119873156338537852784902759368358703623241374134311946583829858557612712144244005227188
711758872358235483621913846801439720616370365333575956438025056772206266879344435384756296942331167455926525345874972086328201771678022658771543453979419
203439708915888356991964510447627024404722344593050817207540228387908278021140237331848885551716954072581121264765992025444222183054795823235839013728584644
6950530544191565465034939823368021164694600406364562674637682163364915339856402140416489147951753808114108124454905931680991204975046791643781512379341125928
283883742953059553076206934204222846566244677252337941143611177371437511860163155758235368943448859696938728266327570063036147384166063923655279108389493622923159
877412928393986371952734756514333049709464605289048690870246636580554410338389835778407790449727592676744867265408413596219985612516821343502783991928793975292381878
533306752913593910006106289398049388587323033008555555048766351983393713802918007867833642986474162267644524855686576233244129664890128184582255770843275292505713544510
743814583485186363377284990683967009836245405576851394965760235117988258106379472340445925206054519495596387239624613027688028178819434953894343172412290765062742359614
818048054932819331609127481986652196987584316448163597814896637399163176364112206924533662054008094492947506360149511847022355362817937699661912340159542939945128960052
5043837622769362653030873163163978916931725294612221879279321127358521450990945099215346699290335726473417136820613124540396416350330638120470835851419980513331947268140
053005831999247756940160171775449798255533083655952100677612244771973361384112487759185822367584163810553056154655168413546746098732390097124202704229698645164570388125943
5198230972691786228992214268169575568935360972239364877951956324922139418994960509894341250248739170261496315983732427050236048627121024680651002764875264886968561060143244
793197873741718047099188513607095400507902998451354831181158356489742665592104308770603229117149318770942592127744013928385439834380787919509110533635299124494183852718735725
391446123097782593720487076798311032361953768462325884101782675266280795581491297617908114637805009677430492438270378258150790030964619777416721784909709257834264909323246663955
2013579668614975345585655802163066498294154115737431873713920055535703526857817871160540787456635903322075791932876887126455922444641741353599050066450222011399358613946004329870
5940789674907590660424440099735334560717817449324389077277658111062813305961569145741233410719397371316830978157061629502090924553391407335200323509199574460743374697420075329209
60020888450067396704644988802102574414666187799379305061341759493137474826475659592878686361882786943770283107594434502450064842106776868745952854592634525772680447984453513261223
656615353822618538935321849404428468613091164380389307040622145349923389808622254935565291124959719231425376244469410611081240487861625844532006104992668419899095519697196143945114091713
8466704735855433251897772334468457825917416619538738784176321034135272633217840276547044167284746724697990515563544212232544290048680739905391524985928660716147424066208974429355501561116
010163514158180644688473254363102147546515435954393638339549125312947377550383765259318402383770353705431378371868684516613744791632638355842054947733473819016977239054003806233901082372613
585957710666333416751440760387797826925359573170320738004877121112881871131282394762360694458432107311091525353199341295966416191931645554287551288057423737664151238169017242925000358908210
97819631538027629659379430273065471019839751585264680581096154205875509960748333265613178023867592278919065027036787386701226964415897655042085169373052572564547009546830580191188061430902364
755034560490495985020930973418821013151977331093392436617420171470342526633561474739925835169243244654909192237892441321667601411577268578705289046264593750357226561115185574935616463967067436
6700204128871236765536966182737423203827141585164681121261537484235179040073036734745125851650833498384212093689199976211185353859376166535188223884830238076807244461645238215440430887695695090
2271715843144607802971773228323618963089445412976153153069613904439191890206244226202174038160613956923819069829437115189831389906209648249371288111637551948965387540629769459843557138269704893352
860588920966822753735420606166234404196619670265194699097024109351020029529673642429850306869302170290120266151224208099507605875992946240019732249566901796969403133682060638526296277602176105656211
77298391055335103236858429968488197612354904400239496589613865879619687089035771264123001149789735769193257207845570257805324501582365222436254678531110791950388439007012148351065284721717888046693769
775312717294415885646136744573308087147455632417085770996611251431738175996509014250610459613248910634185510518896791592986143046406285266859267701576258159591629132923921422883123413666484500971207372
9471136042080001079089543537080405904543062378885793972704672964181876314173770240126616137013472106703041218803002386961474740411803967311453169735917982556408028976239009922698781144109773395085836128800
411403820605382303438328585591381658053018253963819342501298981097354603862545957590157320119696195277471097768956017453650596985280530920878539558529650242155921025349304651426979282161410614476348998805050
3482558875352476681577867773968093529935504359380378763552510990021884004379103458008165373929370924502565906067119754763318445762778203430791993874473151265380066802128661563212466972427511742501801143384586
6628656485011372913985683329075980724442540421294067737390839201393867618337201996242003729872983293688082323334587171241581109931250355906169848075102950143492807379755497851364811733620473942770729408920909
9212194320577403698958775998755856887512020823000731068523305250223461950311137203299167807865848941225273849016233600549726648943193657721707055200209960496148010494960714380153994070256107080235609629067322
865181322321319778087164997020693251093310833624289826985600140972544067234803937480504764948819795066430097068335650260705034387136022417586806491459646695761346919230432146628695473306172477385500031019655246
07973070963013413417359820288268572322830724188825766095090863812586777742090409096326921993096111332588414756628146762996353865762470378260552679275243384227425318768560745873972918218486933239612614211988773778
88325108820697468108154514920174334361553615848725000435782594532605878020393198561825637141317799220915621000601865678667737348012651417658622889546837014536583675933217666515666095103015799949147475707014472695
348246689236501958334322202088693512939995590656135660329556856204585105361520821953687433767405478889557582362186046473595486915054783102567288195335637486544995222297107369177558468033446075407805881163281956713
3282575708695156629627226382878927385290716402067466548690939424586153485690787049103901255048210624851073518984034827419712889405826109484969297032112518451032248802630445426600849350646558828427477902952183480594308
35551194017880849095867220931277289825141336765571989605499333324618241112804342673157896888006046621358910631732925940468870239928409882789766053516295332679319947459172076177521881324410023411510611656023959357753222
136624807518802689562230980133033126736013785390028958340411071966379511414851063921077685573881160699202907732323060701383597453081279401637473245300349481305940406285817134148548767669182265897038626560632684728494479
168788906849961033291306797754124682157563777254504758083630370052290526623420204686193268367005035432937550972849757739470857383600975944639342996719852400407555702132273370889232010470822384774241750590210259319834744
07311101792280860196525064004809690924204499082485368481557137607218633328026850900688853453285090956133890198617937248177819436742836727922571065178223850447072378138491518198457732390103424371226632957239708014435255691
28590993284201495031237481953885487924117665323074084988757764883283524279770492107420048876723015485257515006728973823152587509393774125391078290346765214548090481918003145085251473490681939090861967161250432287955485824
417069674407212375392350725200264675965730495013064609052849365998288415638351035496402602526973098767965442457472372736265753446187071953745716044302629048992592232817092643772761570336499237958922426744838635859829549522
0354253049492989497824111441020033156897891658071797612912264330452721864513524819296351121947398095231152035791756341044277778856789380955246782021478843559790573370803489089612151976856177051583630516393268841174734764232
6314287407286062832252735790036440541165632852131852026783031641118707894256671479325864379458580170714035232445379773503509709547110625013315410661301170666025451050520804492473277847350120359692107575678192551434977984560
68299104303087177233613269597516888811221806140057345158895737335376888035281875689988560380264484625084914974615369659971111584604073062791778623755796165394058235418044164873528768595479381437340325654260111048020109310687
399107682908850429815033666021362140413930456072739737829672217913342442716575816869680757557332515839965545003201600178910660823902588800585412450046695228110989239384538024585794669355259678530817014634897389954254218659225994
8134372229080923005581002931347704450990627210941849218446043349923503099094325975732136717330042284542754029421510740235354904973867417789041981972792742629754008938158443095303356908457040333547449192968301034136694058719723015
45796657908413186980091948112770245714522855955527980414922112467276430199253385284411800266108491399225587875904346471879329016248370440693673130380640405179651767013936049029841413653699097073511589903790011066389625628399494758
4030350113310832030373025707800521289117772275078981482996876814011510663439300328525645904155574103358862043112319896146860778010753242979346719476055923706789945529747475358161838179284620274155823784605415601754914919869614578879963
04158401522879860094922552016743334899697577091672230747269953207053337534918613752685298249493201516930428729614035737468329738112333642023285717746879570232121057721504686384133383070794081022786708939289897991292127066076405677366327
70445155490817310089784491834390286578134900941863481041030244787445888152458807733722017366273976432096884297989687046538739041913271886995645106038544009669505666085273205839189265773878002864162971919827754730748569257531133873369990
002352914693739562928257141623999841962649344055405238602407284109641539636813101161990765925421726425664074221679577899819500349573041269404694710035537329993627217889400595942539764479508043304712901127500992130418944408666132047701556
35076623176606890437646887680098107833533326409616086243105059418389984388220935199815436466293920675591385399321219930572028999221637780048438130049281522371794850965548875355811127379533406137961885481370205460918262667224212798484266774
67452499101225599921015099742340614286043221975779994563513875936823387547869790193714687336348456391409786393542909817907100409648375759294751030075372718130560901087203466414953501220258317813334729975311020340071117039349208183396340059985
774987495152712072085307036972369095186503008338464520113397036177632062536511204022511066478347516517766762576991232286275922989984652467458993629330018702513415942699907143223352380300237764369575658667237287436452661095446335540929809365413157
117328427289029479540648948725938936881373794107979252066992227395645465345433083104247997289145074254899881447695590813795413445899170389704346329837249278428709046918053104165391555034074942858922438844829446729982083299427404253582277074267498935
2400820193090517047768863706397333027799776760094423674877556811247602900574826431261008646404559274985117837335400241573123988578169705036142434470467615040361721417374774582377877324486420519692745043010181642973777199046299201220044013152744748158
300579866892760668115022321033571703178088854668828703168917432212544745512977816767646211503332858229754374441826736748056177162178202215056572019584144804304803752448270844343426490752777267514382171309335888537378567859580605813139826898860159694863
639134111103063650127949259379909944306663313783150451259460696933846232096046524595378592667486980430313873874315341127366971625587743399053934735192544939132823304683186968395465800076383286966866239256572513460376595891079623765328743322096922041439
813987037401323621308781848575269564296382200171535891123322472403532099033051450667524931993290976812804668275435887218375811703593340447115291163921155857105686273440374454865078389688897224718059391195662182865019524237368280237694061246935436754250
1937940798208102068283617080142756632143033711072395994946649493149823386991372868990793175126472206229049661659146001348681814780793945032042913425102801432487219326505183233536174667353876411637238100367234945280815955772369391447462544154694312641772
13833308936661731784067027724049163651445861978043903169326221825876099908673528728184482176250681528231560196551282117974257022287062446068981718883123521059842339175647974720121028734204596395050031054182980418380576516055942782557752036255315090999316
70747667973479032459816931374809359224255403955547983325613407326026464487334877545644590178567933006643823313034855668822580184411733192398823244779221708383784139326152455192894100126777655789344009131763756892602404664015006037030480376674209356779001
962897284889837213543463111681489150865729177521394747349873884061725991588034074756207456506971664465691660465521251772397966946231402030199886158940706488090892910282219414156173630948876671918678175802311031936903264166498211841354392078773219295174074
2299340613465514449835489171626548394847830665726424001893691041022375681712858736881125876500528380654564827431944841651854415933293816502277689992165255373935193110919888324761143001975929970052007924110672525265537980477007649248377329941852856689827597
Operations during Recursive Bubble Sort: 3888612

# of Numbers Generated: 160
